Cluster,Contribution,Eigenvalue,Intensity,Weight,Assigned Nodes
0,5.0538,7.1517,2.6743,7.1517,0
I,4.4576,6.7216,2.5917,6.7167,31
II,4.3963,6.7946,2.5827,6.6703,29
III,3.496,6.1274,2.4389,5.9482,32
IV,3.3851,5.867,2.4193,5.8531,27
V,3.3557,6.4865,2.4141,5.8276,27
VI,2.6351,5.2224,2.2725,5.1642,39
VII,2.4962,5.2586,2.2419,5.0262,26
VIII,2.2311,4.7639,2.1799,4.7518,21
IX,2.1792,6.1885,2.1671,4.6962,37
X,2.1598,4.8408,2.1622,4.6752,23
XI,2.129,5.0271,2.1545,4.6418,45
XII,1.8805,4.4345,2.0887,4.3625,39
XIII,1.8501,5.156,2.0802,4.3271,21
XIV,1.8349,4.4477,2.0759,4.3093,22
XV,1.6728,4.7099,2.0284,4.1145,31
XVI,1.521,3.9634,1.9808,3.9234,23
XVII,1.3863,3.8466,1.9354,3.7456,34
XVIII,1.3105,3.7225,1.9084,3.6418,45
XIX,1.2254,3.8651,1.8766,3.5216,47
XX,1.077,3.4674,1.817,3.3015,43
XXI,1.0167,3.2476,1.791,3.2077,59
XXII,0.9517,3.3556,1.7617,3.1035,42
XXIII,0.8211,2.9385,1.6978,2.8826,54
XXIV,0.1992,3.3337,1.1916,1.4199,26
XXV,0.1258,1.8504,1.0623,1.1284,21
XXVI,0.067,1.5948,0.9073,0.8233,25
XXVII,0.052,1.7292,0.8517,0.7253,35
XXVIII,0.046,1.5702,0.8261,0.6824,30
XXIX,0.0351,1.5162,0.7719,0.5959,45
XXX,0.0259,1.4709,0.7155,0.512,40
XXXI,0.0202,1.6569,0.6725,0.4522,21
XXXII,0.0257,2.6468,0.7142,0.5102,39
XXXIII,0.0161,1.4628,0.6351,0.4034,30
XXXIV,0.0132,1.4497,0.6044,0.3653,37
XXXV,0.0076,1.3437,0.5272,0.278,42
XXXVI,0.007,1.4456,0.5166,0.2669,24
XXXVII,0.004,1.5069,0.4473,0.2001,48
XXXVIII,0.0012,1.3347,0.3326,0.1106,70
