Cluster,Contribution,Eigenvalue,Intensity,Weight
0,3.2783,23.7749,4.8759,23.7749
I,0.7562,14.3283,3.3792,11.4187
II,0.6349,14.2475,3.2347,10.4631
III,0.5737,13.0199,3.1537,9.9459
IV,0.4677,13.5094,2.9966,8.9798
V,0.4428,12.8188,2.9559,8.7375
VI,0.3634,11.2234,2.8135,7.9157
VII,0.3391,10.6832,2.7652,7.6463
VIII,0.3178,12.3613,2.7206,7.4019
IX,0.2139,12.0401,2.4644,6.0731
X,0.19,12.6088,2.3924,5.7237
XI,0.2845,11.5057,2.6464,7.0036
XII,0.1808,11.3577,2.363,5.5838
XIII,0.11,11.0514,2.0871,4.3558
XIV,0.0785,13.3152,1.9183,3.6801
XV,0.0891,12.2198,1.9797,3.9192
XVI,0.0514,13.7923,1.7256,2.9777
XVII,0.0546,12.4801,1.7518,3.0688
XVIII,0.0066,10.3792,1.0342,1.0695
XIX,0.0021,12.1039,0.7782,0.6055
