ID,Network Family,Network,Overlapping?,Affinity Design,Execution Mode,Laplacian,Epsilon,Tau,Kmax,Stop condition,Gamma,Conditionally discard C0?,C0 discarded?,K' | K,|K'-K|/K,ONMI,Omega,Fuzzy-Modularity,Conductance-BN
001,14_nM_uM_onnL_omM,n1000mu0.5on200om4inst1,Yes,Default,LAPIN-off,-,0.000144,0.05,100,epsilon,0.3,Yes,Yes,18 | 26,0.307692,0.087966,0.067763,0.006950,0.466541
002,14_nM_uM_onnL_omM,n1000mu0.5on200om4inst1,Yes,Default,LAPIN-off,-,0.000144,0.05,100,epsilon,0.3,No,No,19 | 26,0.269231,0.088956,0.048838,0.006950,0.335303
003,14_nM_uM_onnL_omM,n1000mu0.5on200om4inst1,Yes,Default,LAPIN-off,-,0.000144,0.05,100,epsilon,0.5,Yes,Yes,18 | 26,0.307692,0.124184,0.192007,0.006950,0.512400
004,14_nM_uM_onnL_omM,n1000mu0.5on200om4inst1,Yes,Default,LAPIN-off,-,0.000144,0.05,100,epsilon,0.5,No,No,19 | 26,0.269231,0.116924,0.192190,0.006950,0.512400
005,14_nM_uM_onnL_omM,n1000mu0.5on200om4inst1,Yes,Default,LAPIN-off,-,0.000144,0.05,100,epsilon,0.7,Yes,Yes,18 | 26,0.307692,0.145573,0.275544,0.006950,0.530967
006,14_nM_uM_onnL_omM,n1000mu0.5on200om4inst1,Yes,Default,LAPIN-off,-,0.000144,0.05,100,epsilon,0.7,No,No,19 | 26,0.269231,0.145573,0.276628,0.006950,0.530967
007,14_nM_uM_onnL_omM,n1000mu0.5on200om4inst1,Yes,Default,LAPIN-on,Lsym,0.000144,0.05,100,epsilon,0.3,Yes,No,12 | 26,0.538462,0.061950,0.030568,0.004003,0.433933
008,14_nM_uM_onnL_omM,n1000mu0.5on200om4inst1,Yes,Default,LAPIN-on,Lsym,0.000144,0.05,100,epsilon,0.3,No,No,12 | 26,0.538462,0.061950,0.030568,0.004003,0.433933
009,14_nM_uM_onnL_omM,n1000mu0.5on200om4inst1,Yes,Default,LAPIN-on,Lsym,0.000144,0.05,100,epsilon,0.5,Yes,No,12 | 26,0.538462,0.034150,0.117436,0.004003,0.494383
010,14_nM_uM_onnL_omM,n1000mu0.5on200om4inst1,Yes,Default,LAPIN-on,Lsym,0.000144,0.05,100,epsilon,0.5,No,No,12 | 26,0.538462,0.034150,0.117436,0.004003,0.494383
011,14_nM_uM_onnL_omM,n1000mu0.5on200om4inst1,Yes,Default,LAPIN-on,Lsym,0.000144,0.05,100,epsilon,0.7,Yes,No,12 | 26,0.538462,0.027356,0.188479,0.004003,0.548500
012,14_nM_uM_onnL_omM,n1000mu0.5on200om4inst1,Yes,Default,LAPIN-on,Lsym,0.000144,0.05,100,epsilon,0.7,No,No,12 | 26,0.538462,0.027356,0.188479,0.004003,0.548500
