Cluster,Contribution,Eigenvalue,Intensity,Weight
0,5.1221,24.8045,4.9804,24.8045
I,0.9354,14.724,3.2558,10.6002
II,0.8563,13.0814,3.1846,10.142
III,0.7846,10.8962,3.1158,9.7079
IV,0.6761,11.5485,3.0019,9.0116
V,0.5709,12.1651,2.8777,8.281
VI,0.4813,12.6794,2.7575,7.6037
VII,0.3636,13.6246,2.5707,6.6087
VIII,0.3159,12.4135,2.4819,6.1596
IX,0.2751,12.9176,2.3976,5.7483
X,0.3197,12.1431,2.4893,6.1967
XI,0.2066,14.1007,2.2319,4.9816
XII,0.1707,13.8526,2.128,4.5285
XIII,0.045,12.0197,1.5247,2.3248
XIV,0.0145,8.2849,1.1485,1.319
XV,0.007,9.279,0.9565,0.9149
XVI,0.0058,8.711,0.9132,0.834
XVII,0.0039,10.9379,0.8248,0.6804
XVIII,0.0031,10.5596,0.7816,0.6109
