Cluster,Contribution,Eigenvalue,Intensity,Weight,Assigned Nodes
0,6.571,39.937,6.3196,39.937,0
I,2.9201,29.7278,5.1598,26.6232,49
II,2.5827,29.3532,5.0038,25.0378,49
III,2.5422,33.5879,4.984,24.8406,38
IV,3.1599,32.0996,5.2626,27.6947,31
V,2.046,24.936,4.7207,22.2851,49
VI,2.0728,23.9491,4.7361,22.4303,70
VII,1.9771,28.3448,4.6804,21.9065,63
VIII,2.5702,28.5055,4.9977,24.977,64
IX,1.7169,26.7322,4.5182,20.4142,98
X,1.6494,24.5364,4.4731,20.0089,74
XI,1.5164,21.9903,4.3801,19.1851,60
XII,1.634,22.2481,4.4626,19.9152,39
XIII,1.3976,23.4837,4.2917,18.4183,52
XIV,1.1552,19.3517,4.092,16.7447,100
XV,1.0264,17.3245,3.9729,15.7842,26
XVI,1.005,21.2585,3.9521,15.6189,17
XVII,0.9459,15.8199,3.8926,15.1522,18
XVIII,1.0317,20.3868,3.978,15.8245,98
XIX,0.8409,16.1354,3.7798,14.2866,34
XX,0.7628,20.6229,3.6887,13.6069,141
XXI,0.7277,14.2148,3.6456,13.2907,40
XXII,0.6726,15.3213,3.5746,12.7776,61
XXIII,0.479,13.3041,3.2838,10.783,44
XXIV,0.4295,14.69,3.1954,10.2105,31
XXV,0.401,27.7281,3.1409,9.8655,49
XXVI,0.3789,16.3088,3.0968,9.5902,53
XXVII,0.3446,23.2097,3.0243,9.1463,58
XXVIII,0.3111,12.1449,2.9479,8.6904,51
XXIX,0.2834,19.7832,2.8799,8.2937,122
XXX,0.2588,11.9893,2.8153,7.9257,43
XXXI,0.1833,9.5617,2.5827,6.6701,71
XXXII,0.1585,10.5311,2.4903,6.2016,44
XXXIII,0.1094,23.5561,2.2701,5.1532,85
XXXIV,0.0396,15.4548,1.7603,3.0988,94
XXXV,0.012,22.4837,1.3064,1.7066,104
XXXVI,0.0039,18.2608,0.9841,0.9685,108
XXXVII,0.0024,20.8596,0.8737,0.7634,56
