Cluster,Contribution,Eigenvalue,Intensity,Weight,Assigned Nodes
0,0.3231,2.1944,1.4016,1.9645,43
I,0.1855,2.12,1.22,1.4885,95
II,0.1422,2.0487,1.1416,1.3032,135
III,0.1256,2.0665,1.1067,1.2248,146
IV,0.1008,2.0339,1.0476,1.0974,154
V,0.117,1.913,1.0873,1.1823,128
VI,0.0779,1.8287,0.9821,0.9645,106
VII,0.0568,1.9208,0.9076,0.8238,145
VIII,0.0464,1.7173,0.8626,0.7441,143
IX,0.0406,1.8237,0.8346,0.6966,141
X,0.0311,2.0132,0.7806,0.6094,160
XI,0.0264,1.8751,0.7495,0.5618,147
XII,0.0326,1.8133,0.7902,0.6244,123
XIII,0.0198,1.761,0.6976,0.4866,137
XIV,0.0123,1.8667,0.6197,0.384,136
XV,0.0169,1.7916,0.6705,0.4495,133
XVI,0.0073,1.5778,0.5428,0.2946,128
XVII,0.0049,1.6096,0.4925,0.2426,140
XVIII,0.0036,1.6588,0.4558,0.2077,145
XIX,0.0028,1.7556,0.428,0.1832,128
XX,0.0023,1.9964,0.407,0.1657,143
XXI,0.0091,1.8763,0.574,0.3294,130
XXII,0.0029,1.9099,0.4326,0.1872,124
XXIII,0.0009,1.5889,0.3257,0.1061,136
XXIV,0.0005,1.7663,0.2792,0.078,183
XXV,0.0004,2.0242,0.2555,0.0653,168
XXVI,0.0001,1.8961,0.2032,0.0413,131
