Cluster,Contribution,Eigenvalue,Intensity,Weight
0,0.355,2.5145,1.4358,2.0616
I,0.3242,2.4151,1.4037,1.9703
II,0.2621,2.5432,1.3309,1.7714
III,0.1939,2.463,1.2344,1.5238
IV,0.1609,2.3581,1.1781,1.3879
V,0.1569,2.3957,1.1707,1.3704
VI,0.1065,1.9905,1.0627,1.1294
VII,0.1034,2.2114,1.0548,1.1126
VIII,0.0846,2.1658,1.0033,1.0067
IX,0.0643,1.8961,0.9367,0.8774
X,0.0519,2.315,0.8879,0.7884
XI,0.059,2.1072,0.9167,0.8403
XII,0.036,2.2815,0.8105,0.6569
XIII,0.0304,2.137,0.7769,0.6035
XIV,0.0627,2.08,0.9307,0.8663
XV,0.0159,2.2321,0.661,0.4369
XVI,0.0166,2.0749,0.6678,0.4459
XVII,0.0096,2.2033,0.5821,0.3388
XVIII,0.0171,2.0495,0.6725,0.4522
XIX,0.005,1.6412,0.4936,0.2436
XX,0.0032,1.8788,0.443,0.1963
XXI,0.0014,1.5892,0.3578,0.128
XXII,0.001,1.7831,0.3271,0.107
XXIII,0.001,1.9546,0.327,0.1069
