Cluster,Contribution,Eigenvalue,Intensity,Weight,Assigned Nodes
0,7.858,204.5574,14.3024,204.5574,0
I,3.3461,144.0376,11.5535,133.4833,42
II,3.4565,141.3561,11.6477,135.6679,23
III,2.9857,159.2681,11.229,126.0911,30
IV,3.5438,178.175,11.7206,137.3715,42
V,2.066,108.5273,10.2415,104.8882,40
VI,1.7016,121.942,9.7565,95.1899,29
VII,1.5629,117.2997,9.5514,91.2285,29
VIII,1.4277,104.4534,9.3376,87.1916,39
IX,1.6549,107.1171,9.6889,93.8742,34
X,1.3023,93.1421,9.1254,83.2737,17
XI,1.2478,95.5501,9.0285,81.5135,30
XII,1.0751,86.2699,8.6985,75.6637,37
XIII,1.021,84.1808,8.5869,73.7344,18
XIV,0.8147,72.6039,8.1157,65.8652,15
XV,0.7769,94.2959,8.02,64.3197,44
XVI,0.8282,88.8571,8.1492,66.4097,39
XVII,0.6765,76.7143,7.7474,60.0217,20
XVIII,0.5666,63.2213,7.4113,54.9271,23
XIX,0.5512,55.2304,7.3605,54.1775,15
XX,0.529,71.8358,7.2852,53.0739,27
XXI,0.5244,71.4171,7.2692,52.841,34
XXII,0.5019,123.5891,7.1902,51.6994,21
XXIII,0.3764,61.8972,6.6912,44.7718,26
XXIV,0.3636,90.4611,6.6334,44.0023,32
XXV,0.2798,47.8008,6.213,38.6009,26
XXVI,0.2848,45.1544,6.2402,38.94,21
XXVII,0.2401,93.4692,5.9799,35.759,30
XXVIII,0.2481,77.095,6.0291,36.3506,20
XXIX,0.2081,80.807,5.7694,33.2859,53
XXX,0.1898,57.4145,5.6383,31.7908,60
XXXI,0.182,44.26,5.5796,31.1324,25
XXXII,0.1168,126.617,4.9936,24.9356,34
XXXIII,0.279,116.3814,6.2086,38.5464,35
XXXIV,0.2552,99.4746,6.0715,36.8629,29
XXXV,0.0611,64.0188,4.2479,18.0444,29
XXXVI,0.0384,42.3958,3.7827,14.3087,40
XXXVII,0.0259,36.4612,3.4273,11.7463,62
XXXVIII,0.0198,44.9236,3.2038,10.264,51
XXXIX,0.0015,40.0608,1.685,2.8393,47
XL,0.0016,38.5507,1.7011,2.8938,44
