Cluster,Contribution,Eigenvalue,Intensity,Weight
0,4.4343,24.5952,4.9594,24.5952
I,2.132,17.7526,4.1297,17.0541
II,2.1043,20.1509,4.1162,16.9432
III,2.009,17.2635,4.0688,16.5549
IV,2.1144,18.9752,4.1211,16.9838
V,1.8599,18.0472,3.9911,15.9288
VI,1.8119,19.2622,3.9651,15.722
VII,1.686,16.2459,3.8943,15.1659
VIII,1.6199,16.4573,3.8556,14.8658
IX,1.4371,20.2381,3.7419,14.0017
X,1.9698,20.9374,4.0488,16.3927
XI,1.3331,17.8236,3.6723,13.4858
XII,1.1861,14.3967,3.5665,12.7203
XIII,0.9903,13.3802,3.4093,11.623
XIV,0.4878,16.7993,2.8561,8.1573
XV,0.285,13.2799,2.4971,6.2353
XVI,0.2799,13.4954,2.4858,6.1792
XVII,0.2761,11.0161,2.4774,6.1374
