Cluster,Contribution,Eigenvalue,Intensity,Weight,Assigned Nodes
0,0.1419,1.9284,1.1403,1.3004,114
I,0.1167,1.9023,1.086,1.1793,123
II,0.0932,1.773,1.0267,1.0541,93
III,0.0789,1.7548,0.9846,0.9694,119
IV,0.0563,1.7089,0.9049,0.8188,106
V,0.047,1.8345,0.8653,0.7487,125
VI,0.0454,1.6615,0.8578,0.7358,123
VII,0.034,1.6496,0.7977,0.6364,109
VIII,0.0291,1.6828,0.7677,0.5894,109
IX,0.025,1.6571,0.7392,0.5464,112
X,0.0201,1.7521,0.6992,0.4888,118
XI,0.0159,1.6542,0.6597,0.4352,130
XII,0.0126,1.812,0.6227,0.3877,119
XIII,0.0133,1.7269,0.6311,0.3983,110
XIV,0.0077,1.6178,0.5506,0.3031,119
XV,0.0057,1.8203,0.5116,0.2617,118
XVI,0.004,1.6882,0.4673,0.2184,120
XVII,0.0035,1.7323,0.4532,0.2054,114
XVIII,0.0048,1.6558,0.4893,0.2394,105
XIX,0.0019,1.6302,0.3903,0.1523,117
XX,0.0012,1.8518,0.3485,0.1214,104
XXI,0.0017,1.8021,0.3751,0.1407,116
XXII,0.0051,1.734,0.4977,0.2477,105
XXIII,0.001,1.8966,0.3264,0.1065,112
XXIV,0.0006,1.7425,0.2846,0.081,133
XXV,0.0005,1.7945,0.2729,0.0745,109
XXVI,0.0003,1.7612,0.2455,0.0603,129
XXVII,0.0009,1.7329,0.3197,0.1022,121
