Cluster,Contribution,Eigenvalue,Intensity,Weight,Assigned Nodes
0,0.1801,1.9874,1.2111,1.4668,206
I,0.1472,1.9489,1.1516,1.3261,223
II,0.1072,1.8958,1.0639,1.1318,235
III,0.0816,1.8837,0.9935,0.9871,243
IV,0.0681,1.835,0.9499,0.9023,248
V,0.0486,1.8651,0.8729,0.762,244
VI,0.0383,1.783,0.8224,0.6763,262
VII,0.0322,1.8246,0.7873,0.6198,252
VIII,0.028,1.8413,0.7605,0.5783,247
IX,0.0265,1.7833,0.7502,0.5628,234
X,0.0187,1.8127,0.6874,0.4726,236
XI,0.0171,1.6421,0.6726,0.4524,262
XII,0.0126,1.6783,0.6229,0.3881,247
XIII,0.0104,1.7381,0.5941,0.3529,265
XIV,0.0069,1.7139,0.5361,0.2874,272
XV,0.0053,1.6881,0.5009,0.2509,263
XVI,0.0039,1.8547,0.4655,0.2167,259
XVII,0.0032,1.742,0.4408,0.1943,247
XVIII,0.0023,1.6616,0.4092,0.1674,244
XIX,0.0017,1.8322,0.3797,0.1442,263
XX,0.0033,1.6722,0.446,0.1989,262
XXI,0.0017,1.7497,0.3759,0.1413,267
XXII,0.0012,1.699,0.3495,0.1222,278
XXIII,0.0005,1.6239,0.2831,0.0801,265
XXIV,0.0008,1.5894,0.315,0.0992,254
XXV,0.0003,1.6638,0.2411,0.0581,288
XXVI,0.0002,1.6113,0.2088,0.0436,270
XXVII,0.0002,1.5895,0.2114,0.0447,256
