Cluster,Contribution,Eigenvalue,Intensity,Weight,Assigned Nodes
0,8.7917,18.4166,4.2915,18.4166,0
I,5.5004,14.5683,3.8167,14.567,32
II,5.3317,14.3419,3.7871,14.3419,25
III,5.1023,14.0525,3.7457,14.0299,27
IV,4.8022,13.6452,3.6893,13.6111,16
V,4.6034,13.5805,3.6505,13.3264,29
VI,3.7066,11.9739,3.458,11.9581,23
VII,3.5298,13.3968,3.4161,11.6694,31
VIII,3.318,11.3211,3.3636,11.3138,23
IX,3.2767,11.2433,3.3531,11.2432,22
X,3.0129,10.7863,3.2835,10.7811,36
XI,2.8504,10.4866,3.2383,10.4863,25
XII,2.8194,10.4361,3.2294,10.4292,24
XIII,2.7982,10.5922,3.2234,10.39,24
XIV,2.2959,9.4538,3.0678,9.4112,25
XV,1.9741,8.7331,2.9541,8.7269,21
XVI,1.8237,8.4227,2.8962,8.3879,22
XVII,1.8226,8.4405,2.8957,8.3853,19
XVIII,1.514,7.7159,2.7645,7.6424,21
XIX,1.3977,7.343,2.7098,7.343,10
XX,1.336,7.5827,2.6794,7.1792,21
XXI,1.186,6.7806,2.6008,6.7643,26
XXII,0.8966,5.8874,2.4252,5.8814,23
XXIII,0.7653,5.4366,2.331,5.4337,25
XXIV,0.0781,5.5173,1.3175,1.7358,31
XXV,0.0486,2.6479,1.1699,1.3687,20
XXVI,0.0467,2.3247,1.1585,1.3421,18
XXVII,0.0411,2.8915,1.1221,1.2592,24
XXVIII,0.0386,2.402,1.1049,1.2207,19
XXIX,0.0431,1.9483,1.1358,1.2901,15
XXX,0.0368,2.3404,1.0915,1.1913,17
XXXI,0.0331,2.217,1.0633,1.1305,22
XXXII,0.0292,2.2141,1.0306,1.0621,16
XXXIII,0.0276,2.3424,1.0154,1.0311,13
XXXIV,0.0266,2.1287,1.0061,1.0122,32
XXXV,0.0251,2.2871,0.9916,0.9833,8
XXXVI,0.0233,2.391,0.9735,0.9477,13
XXXVII,0.0231,2.2644,0.9714,0.9437,18
XXXVIII,0.0223,1.9156,0.9626,0.9266,15
XXXIX,0.0215,2.0881,0.9546,0.9112,13
XL,0.0207,2.057,0.9458,0.8946,18
XLI,0.019,1.9,0.9258,0.8571,14
XLII,0.017,2.0075,0.9001,0.8102,13
XLIII,0.0157,2.1341,0.8827,0.7791,17
XLIV,0.0149,1.7958,0.8713,0.7592,32
XLV,0.0148,1.9108,0.8696,0.7561,17
XLVI,0.0128,1.8687,0.8387,0.7035,26
XLVII,0.0116,2.0445,0.8173,0.668,14
XLVIII,0.0127,1.6989,0.8368,0.7003,11
XLIX,0.0109,1.8873,0.8059,0.6494,23
L,0.0108,2.0768,0.8025,0.644,8
LI,0.0102,1.6435,0.7926,0.6283,7
LII,0.0096,1.9719,0.7805,0.6091,10
LIII,0.0082,2.1555,0.7497,0.5621,10
LIV,0.0081,1.1561,0.7487,0.5606,11
LV,0.0081,1.6679,0.7472,0.5583,15
LVI,0.0066,2.1863,0.7111,0.5056,13
LVII,0.0067,1.8483,0.7129,0.5083,26
LVIII,0.0063,1.325,0.7013,0.4918,20
LIX,0.0058,1.906,0.6864,0.4711,17
LX,0.0055,1.7119,0.6773,0.4587,15
