Algorithm,Network,Overlapping?,Seeds,Affinity Design,Execution Mode,epsilon (FADDIS),tau (FADDIS),k_max (FADDIS),gamma (FADDIS),t (SLPA),r (SLPA),k (CFinder),K' | K,|K'-K|/K,ONMI,Omega,FADDIS Runtime
FADDIS,n1000mu0.4on400om2inst1,Yes,-,Default,LAPIN-off,3.309637e-06,0.05,500,0.8,-,-,-,24 | 32,0.25,0.333063,0.394335,10.422870
SLPA,n1000mu0.4on400om2inst1,Yes,"[0, 1, 2]",-,-,-,-,-,-,21,0.1,-,31.666666666666668 ± 5.859465277082315 | 32,0.13541666666666666 ± 0.07864410870073697,0.4187359395721264 ± 0.06077709940635255,0.34009540487169376 ± 0.16972343485238914,13.524380
