Cluster,Contribution,Eigenvalue,Intensity,Weight,Assigned Nodes
0,7.5518,8.2652,2.8749,8.2652,0
I,2.4697,5.7834,2.1741,4.7266,42
II,2.0775,5.349,2.0821,4.3351,40
III,1.8341,4.7327,2.0182,4.0732,23
IV,1.7148,5.1564,1.9846,3.9385,31
V,1.6533,4.7674,1.9665,3.8672,23
VI,1.165,4.4777,1.8017,3.2463,41
VII,1.1073,4.1785,1.779,3.1649,66
VIII,0.9369,3.9399,1.7062,2.9113,44
IX,0.7288,3.8323,1.6024,2.5676,61
X,0.6626,4.6323,1.5647,2.4483,41
XI,0.7856,4.5378,1.6327,2.6658,69
XII,0.477,4.3218,1.4413,2.0773,52
XIII,0.3282,4.0058,1.3126,1.723,109
XIV,0.4063,3.7139,1.3846,1.9171,51
XV,0.1726,3.465,1.1179,1.2496,43
XVI,0.2174,3.5151,1.1842,1.4023,48
XVII,0.1377,2.8272,1.0565,1.1161,55
XVIII,0.0784,3.8522,0.9178,0.8424,28
XIX,0.0946,3.1265,0.9619,0.9252,66
XX,0.0561,1.996,0.8439,0.7122,63
XXI,0.0317,2.3965,0.732,0.5358,38
XXII,0.0398,2.0352,0.7747,0.6002,36
XXIII,0.0286,3.4422,0.7131,0.5085,77
XXIV,0.0213,2.8487,0.6628,0.4393,56
XXV,0.0115,3.234,0.568,0.3227,76
XXVI,0.0061,3.0331,0.4852,0.2354,71
XXVII,0.0052,3.0657,0.4647,0.216,66
XXVIII,0.0241,2.893,0.6831,0.4667,53
