Cluster,Contribution,Eigenvalue,Intensity,Weight
0,0.4848,2.4872,1.3653,1.864
I,0.504,2.4062,1.3786,1.9005
II,0.3403,2.3512,1.2496,1.5616
III,0.3139,2.0795,1.2246,1.4997
IV,0.2837,2.1354,1.1941,1.4259
V,0.228,2.1032,1.1305,1.2781
VI,0.1967,2.2777,1.0896,1.1872
VII,0.1815,2.0603,1.068,1.1406
VIII,0.2087,1.8938,1.1058,1.2229
IX,0.0967,2.2744,0.9125,0.8326
X,0.0774,2.1809,0.8629,0.7447
XI,0.0648,2.2277,0.8254,0.6814
XII,0.0487,2.2403,0.7687,0.5909
XIII,0.0325,2.1653,0.6948,0.4828
XIV,0.0175,1.5646,0.595,0.354
XV,0.0119,1.6077,0.5405,0.2922
XVI,0.0095,1.621,0.5102,0.2603
XVII,0.0077,1.6482,0.4844,0.2347
XVIII,0.003,1.5705,0.3826,0.1464
XIX,0.0014,1.6015,0.3183,0.1013
XX,0.0044,1.5546,0.422,0.1781
XXI,0.001,1.5441,0.2892,0.0836
XXII,0.0006,1.633,0.254,0.0645
XXIII,0.0031,1.6019,0.3861,0.1491
XXIV,0.0023,1.539,0.3576,0.1279
XXV,0.0002,1.9526,0.2052,0.0421
