Algorithm,Network,Overlapping?,Seeds,Affinity Design,Execution Mode,gamma (FADDIS),m (NJW+FCM),e (NJW+FCM),t_max (NJW+FCM),fi (NJW+FCM),K' | K,|K'-K|/K,ONMI,Omega,Fuzzy-Modularity,Conductance-BN,FADDIS Runtime
FADDIS (Default),n1000mu0.8on200om2inst10,Yes,-,Default,LAPIN-off,0.8,-,-,-,-,25 | 25,0,0,0.013620,0.007095,0.729355,10.622327
FADDIS (IP_beta0),n1000mu0.8on200om2inst10,Yes,-,IP_beta0,LAPIN-off,0.8,-,-,-,-,20 | 25,0.2,0,0.005714,0.006868,0.712564,15.451057
NJW+FCM (Default),n1000mu0.8on200om2inst10,Yes,"[0, 1, 2, 3, 4]",Default,LAPIN-off,-,2,1.000000e-05,100,0.1,25.0 ± 0.0 | 25,0.0 ± 0.0,0.0 ± 0.0,0.008081998106470891 ± 0.0025092396839022173,1.5196306026023465e-15 ± 1.313635354139942e-16,0.6936551110890254 ± 0.018710370809310043,1.794290
NJW+FCM (IP_beta0),n1000mu0.8on200om2inst10,Yes,"[0, 1, 2, 3, 4]",IP_beta0,LAPIN-off,-,2,1.000000e-05,100,0.1,16.6 ± 2.1908902300206647 | 25,0.33599999999999997 ± 0.08763560920082658,0.0 ± 0.0,0.0030532572730250073 ± 0.00210896251298125,1.2379285374564118e-14 ± 3.595871452648402e-15,0.5280585067573073 ± 0.049274096523743906,8.576344
