Cluster,Contribution,Eigenvalue,Intensity,Weight,Assigned Nodes
0,2.174,2.8969,1.702,2.8969,0
I,0.3678,1.6584,1.0915,1.1915,35
II,0.3396,1.613,1.07,1.1449,33
III,0.2976,1.5602,1.0353,1.0719,38
IV,0.2799,1.5762,1.0195,1.0394,32
V,0.1598,1.4529,0.8862,0.7853,43
VI,0.1248,1.4803,0.8331,0.694,36
VII,0.111,1.2978,0.8091,0.6546,46
VIII,0.0948,1.5055,0.7777,0.6048,27
IX,0.0857,1.4652,0.7583,0.575,41
X,0.0527,1.4075,0.6715,0.4509,40
XI,0.0517,1.2634,0.6682,0.4465,67
XII,0.0257,1.3235,0.5612,0.3149,57
XIII,0.0203,1.3728,0.5292,0.28,50
XIV,0.0145,1.3627,0.4867,0.2369,60
XV,0.0122,1.3842,0.4654,0.2166,48
XVI,0.009,1.4939,0.4314,0.1861,43
XVII,0.0113,1.4285,0.4573,0.2091,55
XVIII,0.0061,1.3882,0.3917,0.1535,37
XIX,0.0032,1.1924,0.3328,0.1108,59
XX,0.0022,1.1765,0.304,0.0924,71
XXI,0.0013,1.0179,0.2669,0.0712,68
XXII,0.0009,1.2244,0.2407,0.0579,64
XXIII,0.0006,1.4398,0.2199,0.0483,23
XXIV,0.0041,1.419,0.3553,0.1262,41
XXV,0.0015,1.4123,0.2764,0.0764,43
XXVI,0.0002,1.3481,0.1707,0.0291,43
XXVII,0.0007,1.3334,0.225,0.0506,35
XXVIII,0.0015,1.3016,0.2772,0.0769,48
XXIX,0.0002,1.3278,0.1727,0.0298,42
XXX,0.0029,1.3079,0.3256,0.106,33
