ID,Network Family,Network,Overlapping?,Affinity Design,Execution Mode,Laplacian,Epsilon,Tau,Kmax,Stop Condition,Gamma,C0 discarded?,K' | K,|K'-K|/K,ONMI,Omega,Fuzzy-Modularity,Conductance-BN
001,05_nL_uM_onnL_omL,n600mu0.4on120om2inst3,Yes,Default,LAPIN-off,-,0.000019,0.05,100,epsilon,0.3,Yes,17 | 14,0.214286,0.283094,0.176766,0.013098,0.410876
002,05_nL_uM_onnL_omL,n600mu0.4on120om2inst3,Yes,Default,LAPIN-off,-,0.000019,0.05,100,epsilon,0.5,Yes,17 | 14,0.214286,0.437319,0.464272,0.013098,0.437574
003,05_nL_uM_onnL_omL,n600mu0.4on120om2inst3,Yes,Default,LAPIN-off,-,0.000019,0.05,100,epsilon,0.6,Yes,17 | 14,0.214286,0.499590,0.554094,0.013098,0.437646
004,05_nL_uM_onnL_omL,n600mu0.4on120om2inst3,Yes,Default,LAPIN-off,-,0.000019,0.05,100,epsilon,0.7,Yes,17 | 14,0.214286,0.561519,0.607501,0.013098,0.434179
005,05_nL_uM_onnL_omL,n600mu0.4on120om2inst3,Yes,Default,LAPIN-off,-,0.000019,0.05,100,epsilon,0.8,Yes,17 | 14,0.214286,0.606621,0.635662,0.013098,0.437582
006,05_nL_uM_onnL_omL,n600mu0.4on120om2inst3,Yes,Default,LAPIN-off,-,0.000019,0.05,100,epsilon,0.9,Yes,17 | 14,0.214286,0.631686,0.631043,0.013098,0.442731
007,05_nL_uM_onnL_omL,n600mu0.4on120om2inst3,Yes,Default,LAPIN-on,Lsym,0.000019,0.05,100,epsilon,0.3,No,21 | 14,0.5,0.164071,0.082419,0.012379,0.405921
008,05_nL_uM_onnL_omL,n600mu0.4on120om2inst3,Yes,Default,LAPIN-on,Lsym,0.000019,0.05,100,epsilon,0.5,No,21 | 14,0.5,0.239513,0.266031,0.012379,0.416345
009,05_nL_uM_onnL_omL,n600mu0.4on120om2inst3,Yes,Default,LAPIN-on,Lsym,0.000019,0.05,100,epsilon,0.6,No,21 | 14,0.5,0.263604,0.332768,0.012379,0.441334
010,05_nL_uM_onnL_omL,n600mu0.4on120om2inst3,Yes,Default,LAPIN-on,Lsym,0.000019,0.05,100,epsilon,0.7,No,21 | 14,0.5,0.298515,0.367945,0.012379,0.441795
011,05_nL_uM_onnL_omL,n600mu0.4on120om2inst3,Yes,Default,LAPIN-on,Lsym,0.000019,0.05,100,epsilon,0.8,No,21 | 14,0.5,0.334576,0.366779,0.012379,0.443247
012,05_nL_uM_onnL_omL,n600mu0.4on120om2inst3,Yes,Default,LAPIN-on,Lsym,0.000019,0.05,100,epsilon,0.9,No,21 | 14,0.5,0.367128,0.346698,0.012379,0.456299
