Cluster,Contribution,Eigenvalue,Intensity,Weight,Assigned Nodes
0,5.1355,9.8635,3.1189,9.7273,12
I,2.6906,7.2314,2.6534,7.0408,11
II,2.421,6.9053,2.5843,6.6788,16
III,2.0073,6.659,2.4661,6.0815,20
IV,1.5006,6.1724,2.293,5.2581,21
V,1.4137,6.0983,2.2591,5.1036,39
VI,1.1023,5.4379,2.1229,4.5066,17
VII,0.9184,5.6593,2.0282,4.1136,53
VIII,0.8295,4.9656,1.9772,3.9093,18
IX,0.6556,5.076,1.8643,3.4756,42
X,0.631,3.9077,1.8465,3.4097,13
XI,0.6336,4.5047,1.8485,3.4168,26
XII,0.69,4.0124,1.8882,3.5654,21
XIII,0.5151,4.286,1.7552,3.0807,45
XIV,0.4957,3.0446,1.7384,3.0221,2
XV,0.4746,4.0723,1.7196,2.9571,50
XVI,0.47,3.4792,1.7155,2.9428,23
XVII,0.4569,3.3911,1.7034,2.9016,34
XVIII,0.3936,3.0118,1.6411,2.6931,13
XIX,0.3569,3.6268,1.6014,2.5644,24
XX,0.3113,4.9125,1.5475,2.3947,21
XXI,0.284,2.8483,1.5124,2.2874,14
XXII,0.2767,4.7155,1.5027,2.258,13
XXIII,0.3264,4.6398,1.5659,2.4521,35
XXIV,0.2125,3.7835,1.4067,1.9789,31
XXV,0.2462,2.7215,1.4595,2.13,13
XXVI,0.1844,2.1287,1.3576,1.843,13
XXVII,0.1175,5.7212,1.2131,1.4716,16
XXVIII,0.0765,1.6158,1.0896,1.1872,6
XXIX,0.0702,4.3275,1.0665,1.1373,29
XXX,0.0562,1.4836,1.0089,1.0178,7
XXXI,0.0558,4.7816,1.0071,1.0143,2
XXXII,0.086,4.1327,1.122,1.259,26
XXXIII,0.0693,3.1966,1.0631,1.1302,17
XXXIV,0.0534,1.0196,0.996,0.992,3
XXXV,0.0358,5.0836,0.9012,0.8121,13
XXXVI,0.0347,4.6198,0.8941,0.7995,13
XXXVII,0.033,1.5918,0.8832,0.78,17
XXXVIII,0.0271,0.7179,0.8406,0.7067,6
XXXIX,0.026,3.8204,0.8322,0.6925,48
XL,0.0181,1.5298,0.7595,0.5768,21
XLI,0.0116,1.4527,0.6801,0.4625,29
XLII,0.01,0.7209,0.6557,0.4299,7
XLIII,0.0098,0.9805,0.6519,0.425,8
XLIV,0.009,1.5529,0.6389,0.4082,27
XLV,0.0082,0.7303,0.6237,0.389,6
XLVI,0.0081,5.6047,0.6208,0.3854,13
XLVII,0.0137,5.4179,0.7094,0.5032,58
XLVIII,0.0074,4.2102,0.6073,0.3688,41
XLIX,0.0063,1.4767,0.5836,0.3406,10
L,0.0053,0.5982,0.5602,0.3138,1
LI,0.004,1.3912,0.5226,0.2731,26
LII,0.0028,3.4825,0.4759,0.2264,18
LIII,0.002,1.4607,0.4378,0.1917,48
LIV,0.0019,4.5118,0.4342,0.1885,26
LV,0.0016,0.7483,0.4152,0.1724,12
LVI,0.0017,1.5307,0.4188,0.1754,15
LVII,0.0018,1.4858,0.4268,0.1821,23
LVIII,0.0022,0.5979,0.4495,0.202,8
LIX,0.002,1.4406,0.4358,0.1899,23
