ID,Network Family,Network,Overlapping?,Affinity Design,Execution Mode,Laplacian,Epsilon,Tau,Kmax,Stop Condition,Gamma,C0 discarded?,K' | K,|K'-K|/K,ONMI,Omega,FADDIS Runtime
001,39_nM_uM_onnL_omH,n1000mu0.4on200om8inst7,Yes,Default,LAPIN-off,-,3.443713e-06,0.05,500,W,0.3,Yes,34 | 47,0.276596,0.089627,0.178368,14.489209
002,39_nM_uM_onnL_omH,n1000mu0.4on200om8inst7,Yes,Default,LAPIN-off,-,3.443713e-06,0.05,500,W,0.5,Yes,34 | 47,0.276596,0.141002,0.277932,14.489209
003,39_nM_uM_onnL_omH,n1000mu0.4on200om8inst7,Yes,Default,LAPIN-off,-,3.443713e-06,0.05,500,W,0.6,Yes,34 | 47,0.276596,0.158750,0.280003,14.489209
004,39_nM_uM_onnL_omH,n1000mu0.4on200om8inst7,Yes,Default,LAPIN-off,-,3.443713e-06,0.05,500,W,0.7,Yes,34 | 47,0.276596,0.164460,0.287165,14.489209
005,39_nM_uM_onnL_omH,n1000mu0.4on200om8inst7,Yes,Default,LAPIN-off,-,3.443713e-06,0.05,500,W,0.8,Yes,34 | 47,0.276596,0.174306,0.282535,14.489209
006,39_nM_uM_onnL_omH,n1000mu0.4on200om8inst7,Yes,Default,LAPIN-off,-,3.443713e-06,0.05,500,W,0.9,Yes,34 | 47,0.276596,0.186430,0.274878,14.489209
007,39_nM_uM_onnL_omH,n1000mu0.4on200om8inst7,Yes,Default,LAPIN-on,Lsym,3.443713e-06,0.05,500,W,0.3,No,35 | 47,0.255319,0.009540,0.083145,21.852590
008,39_nM_uM_onnL_omH,n1000mu0.4on200om8inst7,Yes,Default,LAPIN-on,Lsym,3.443713e-06,0.05,500,W,0.5,No,35 | 47,0.255319,0.037635,0.213257,21.852590
009,39_nM_uM_onnL_omH,n1000mu0.4on200om8inst7,Yes,Default,LAPIN-on,Lsym,3.443713e-06,0.05,500,W,0.6,No,35 | 47,0.255319,0.070900,0.256250,21.852590
010,39_nM_uM_onnL_omH,n1000mu0.4on200om8inst7,Yes,Default,LAPIN-on,Lsym,3.443713e-06,0.05,500,W,0.7,No,35 | 47,0.255319,0.074671,0.260102,21.852590
011,39_nM_uM_onnL_omH,n1000mu0.4on200om8inst7,Yes,Default,LAPIN-on,Lsym,3.443713e-06,0.05,500,W,0.8,No,35 | 47,0.255319,0.082480,0.248714,21.852590
012,39_nM_uM_onnL_omH,n1000mu0.4on200om8inst7,Yes,Default,LAPIN-on,Lsym,3.443713e-06,0.05,500,W,0.9,No,35 | 47,0.255319,0.096383,0.238310,21.852590
