Cluster,Contribution,Eigenvalue,Intensity,Weight,Assigned Nodes
0,1.345,4.1774,2.0002,4.001,21
I,0.5359,3.0754,1.5892,2.5254,37
II,0.4612,2.9282,1.5306,2.3428,32
III,0.4471,2.7872,1.5188,2.3069,21
IV,0.3283,2.0855,1.406,1.9767,3
V,0.2497,2.0519,1.313,1.7239,41
VI,0.2255,2.4581,1.2799,1.6381,34
VII,0.2469,2.5097,1.3093,1.7142,37
VIII,0.2172,2.4367,1.2679,1.6076,37
IX,0.1671,1.9575,1.1875,1.4102,2
X,0.1518,2.7368,1.1593,1.3441,22
XI,0.1445,1.808,1.1451,1.3113,39
XII,0.1255,2.3421,1.1056,1.2223,54
XIII,0.1108,0.6971,1.0715,1.1481,4
XIV,0.1166,1.7706,1.0854,1.1781,22
XV,0.1018,1.6238,1.0492,1.1008,32
XVI,0.0907,0.657,1.0193,1.0391,2
XVII,0.092,2.3207,1.0228,1.0462,32
XVIII,0.0785,2.8781,0.9831,0.9665,38
XIX,0.0579,1.7317,0.9112,0.8302,39
XX,0.0489,0.6989,0.8736,0.7632,5
XXI,0.0477,2.1408,0.8679,0.7533,41
XXII,0.0689,1.5409,0.9517,0.9058,25
XXIII,0.0388,2.6106,0.8243,0.6795,36
XXIV,0.0404,2.0417,0.8328,0.6936,62
XXV,0.0354,0.6676,0.8054,0.6487,5
XXVI,0.032,1.971,0.7853,0.6168,48
XXVII,0.0277,1.4726,0.7577,0.5741,35
XXVIII,0.0254,0.9997,0.7418,0.5502,23
XXIX,0.0206,2.4061,0.7039,0.4955,41
XXX,0.0169,1.0005,0.6694,0.4481,41
XXXI,0.0084,1.7671,0.562,0.3159,56
XXXII,0.0067,2.3068,0.5307,0.2816,37
XXXIII,0.0061,0.9988,0.5194,0.2698,46
XXXIV,0.0044,1.0011,0.4796,0.23,48
XXXV,0.0041,2.5659,0.4688,0.2198,31
XXXVI,0.0038,0.6586,0.4627,0.2141,1
XXXVII,0.0033,1.54,0.4439,0.197,38
XXXVIII,0.0029,1.0001,0.4309,0.1857,38
XXXIX,0.0026,1.5988,0.4183,0.1749,49
XL,0.003,1.0014,0.4333,0.1878,44
XLI,0.0025,1.4911,0.4146,0.1719,55
XLII,0.0017,0.5656,0.3755,0.141,2
XLIII,0.0013,1.8521,0.3495,0.1221,32
XLIV,0.001,1.0036,0.3281,0.1076,49
XLV,0.0008,1.0023,0.3112,0.0969,42
XLVI,0.0006,2.0576,0.2902,0.0842,57
XLVII,0.0006,1.6513,0.2845,0.081,32
XLVIII,0.0005,1.0005,0.2775,0.077,41
XLIX,0.0004,1.4657,0.2597,0.0674,32
L,0.0003,1.0039,0.2515,0.0633,56
LI,0.0003,1.5479,0.2345,0.055,34
LII,0.0002,0.9991,0.2149,0.0462,50
LIII,0.0002,1.0002,0.2262,0.0512,54
