Cluster,Contribution,Eigenvalue,Intensity,Weight,Assigned Nodes
0,6.6567,10.5444,3.2472,10.5444,0
I,6.0223,10.0294,3.1669,10.0294,31
II,5.6836,9.7434,3.1214,9.7432,32
III,5.0983,9.2308,3.0378,9.228,30
IV,4.4991,8.669,2.9443,8.6687,29
V,4.3611,8.6111,2.9214,8.5347,26
VI,3.8857,8.0923,2.8383,8.0561,53
VII,3.036,7.6405,2.6685,7.121,32
VIII,2.5561,6.5349,2.5562,6.534,38
IX,2.4058,6.3394,2.5178,6.3391,27
X,2.1743,6.0638,2.4549,6.0264,35
XI,2.1528,7.8729,2.4488,5.9964,41
XII,2.0525,5.8946,2.4197,5.8551,45
XIII,1.6948,5.9842,2.3066,5.3206,26
XIV,1.6447,5.2425,2.2894,5.2413,37
XV,1.592,5.2003,2.2708,5.1566,36
XVI,1.56,5.1585,2.2593,5.1045,26
XVII,1.4328,5.4295,2.2118,4.8919,34
XVIII,1.3779,4.8268,2.1903,4.7973,41
XIX,1.214,4.5344,2.122,4.5029,51
XX,1.1917,4.6644,2.1122,4.4615,55
XXI,0.9422,7.6067,1.9918,3.9671,22
XXII,0.8073,3.6841,1.9163,3.672,58
XXIII,0.7279,5.9845,1.8673,3.4869,30
XXIV,0.1152,2.2309,1.1778,1.3872,26
XXV,0.082,1.8359,1.0818,1.1702,23
XXVI,0.0719,1.7496,1.0467,1.0956,20
XXVII,0.0704,2.0073,1.0412,1.0842,20
XXVIII,0.0567,1.5455,0.9864,0.973,29
XXIX,0.0543,1.5819,0.9759,0.9523,24
XXX,0.0527,1.732,0.9687,0.9384,31
XXXI,0.0491,1.7652,0.9517,0.9057,21
XXXII,0.041,1.8335,0.9099,0.8279,33
XXXIII,0.0365,1.4579,0.8834,0.7803,42
XXXIV,0.0346,1.7121,0.872,0.7603,28
XXXV,0.0331,1.6892,0.862,0.743,51
XXXVI,0.023,1.5278,0.7874,0.62,53
XXXVII,0.0195,1.6616,0.7556,0.5709,41
XXXVIII,0.0179,1.5944,0.7394,0.5468,66
XXXIX,0.0161,1.8973,0.72,0.5184,40
XL,0.0156,1.5574,0.7142,0.51,20
XLI,0.0154,1.4868,0.7124,0.5074,52
XLII,0.0145,1.5206,0.7021,0.4929,22
XLIII,0.0105,1.5366,0.647,0.4187,30
XLIV,0.0088,1.3415,0.6192,0.3834,29
XLV,0.0083,1.446,0.6111,0.3734,72
XLVI,0.0069,1.2228,0.583,0.3399,32
XLVII,0.0063,1.4764,0.5702,0.3251,55
XLVIII,0.0056,1.3942,0.552,0.3047,46
XLIX,0.0049,1.082,0.535,0.2862,29
