Cluster,Contribution,Eigenvalue,Intensity,Weight,Assigned Nodes
0,2.5076,7.2354,2.5443,6.4734,21
I,2.0985,6.988,2.4335,5.9218,29
II,2.0562,6.5425,2.4211,5.8618,28
III,1.6078,6.2472,2.2767,5.1833,23
IV,1.333,6.0097,2.1725,4.7196,23
V,1.0808,5.2617,2.0615,4.2497,28
VI,0.8822,4.6765,1.9595,3.8397,42
VII,0.7539,4.9584,1.884,3.5494,40
VIII,0.6591,4.4435,1.8218,3.3188,34
IX,0.5767,6.7525,1.7619,3.1044,27
X,0.6308,4.1689,1.8019,3.2468,43
XI,0.5618,6.0636,1.7504,3.0639,28
XII,0.4572,3.6075,1.6626,2.7641,29
XIII,0.4352,3.9367,1.6422,2.6968,49
XIV,0.368,3.8164,1.5748,2.4799,42
XV,0.3274,2.9014,1.5294,2.3391,46
XVI,0.3066,3.1509,1.5045,2.2635,51
XVII,0.289,3.5537,1.4825,2.1977,75
XVIII,0.2097,4.6976,1.3682,1.8719,33
XIX,0.2269,2.6378,1.3954,1.947,33
XX,0.1363,3.2045,1.2285,1.5092,62
XXI,0.0649,3.0835,1.0205,1.0415,42
XXII,0.0426,4.1328,0.9183,0.8433,27
XXIII,0.0284,1.8733,0.8302,0.6893,51
XXIV,0.03,1.9169,0.8414,0.7079,38
XXV,0.0217,1.8149,0.7763,0.6027,65
XXVI,0.0126,2.4767,0.678,0.4597,43
XXVII,0.009,1.7985,0.6228,0.3879,55
XXVIII,0.0083,4.4789,0.6106,0.3728,24
XXIX,0.0068,3.3716,0.5808,0.3374,58
XXX,0.0133,2.9991,0.6866,0.4714,71
XXXI,0.0063,3.6143,0.569,0.3238,25
XXXII,0.009,3.4396,0.6233,0.3885,44
XXXIII,0.0035,3.8771,0.4925,0.2425,52
XXXIV,0.0031,5.0014,0.4779,0.2284,32
XXXV,0.0008,1.8583,0.3387,0.1147,47
