Cluster,Contribution,Eigenvalue,Intensity,Weight,Assigned Nodes
0,7.8633,23.069,4.3838,19.2177,56
I,5.7641,21.1299,4.0563,16.4537,83
II,4.2748,17.8924,3.7642,14.1695,73
III,2.5936,15.4996,3.3222,11.037,91
IV,1.4406,11.8055,2.868,8.2256,90
V,1.3534,10.2917,2.8236,7.9727,89
VI,1.1065,15.1615,2.685,7.2091,34
VII,1.0216,9.0911,2.6319,6.9269,66
VIII,0.7773,9.7579,2.4581,6.0421,111
IX,0.7544,13.4085,2.4398,5.9525,70
X,0.498,14.1632,2.1991,4.8362,88
XI,0.5479,15.7799,2.2522,5.0726,39
XII,0.5425,13.7594,2.2467,5.0476,74
XIII,0.4455,10.6661,2.1388,4.5745,38
XIV,0.2781,10.3577,1.9011,3.6142,108
XV,0.3112,5.5735,1.9552,3.823,41
XVI,0.0612,8.2636,1.3022,1.6957,87
XVII,0.1408,6.9124,1.6036,2.5717,73
XVIII,0.0815,5.7489,1.3986,1.9562,29
XIX,0.0551,7.7799,1.2685,1.609,117
XX,0.0447,2.0364,1.2034,1.4482,27
XXI,0.0358,11.3197,1.1385,1.2963,79
XXII,0.0374,12.8078,1.1512,1.3254,22
XXIII,0.2605,12.2901,1.8702,3.4977,76
XXIV,0.197,9.7628,1.7441,3.0418,43
XXV,0.133,9.5324,1.5808,2.4989,95
XXVI,0.1056,11.7951,1.4923,2.227,64
XXVII,0.0337,6.6068,1.1218,1.2584,52
XXVIII,0.0935,5.7497,1.4476,2.0955,53
XXIX,0.0228,10.4253,1.0175,1.0352,23
XXX,0.0164,1.8534,0.9373,0.8785,62
XXXI,0.0075,1.7699,0.7704,0.5935,47
XXXII,0.0035,1.8803,0.6371,0.4059,56
XXXIII,0.0024,0.6988,0.578,0.334,21
XXXIV,0.0017,1.9186,0.5346,0.2857,63
XXXV,0.0014,1.695,0.5084,0.2584,67
