Cluster,Contribution,Eigenvalue,Intensity,Weight,Assigned Nodes
0,12.0212,19.2398,4.2988,18.4801,22
I,6.1459,14.6125,3.6351,13.2137,21
II,5.6345,13.3532,3.557,12.6519,22
III,3.1936,10.8197,3.0863,9.5251,33
IV,2.9956,11.4854,3.0373,9.2251,44
V,2.3124,10.1438,2.8469,8.1051,30
VI,2.301,9.5293,2.8435,8.0852,27
VII,1.4831,9.1722,2.5478,6.4911,38
VIII,1.1142,8.5302,2.3719,5.6261,96
IX,0.7928,5.8594,2.1785,4.7458,117
X,0.6342,8.0783,2.0603,4.2448,54
XI,0.5541,6.5609,1.9919,3.9677,39
XII,0.4683,6.2285,1.9098,3.6474,92
XIII,0.3469,7.3632,1.7718,3.1393,32
XIV,0.2766,4.5205,1.6743,2.8032,10
XV,0.2697,5.4829,1.6637,2.7679,145
XVI,0.2407,6.83,1.6171,2.6151,47
XVII,0.2305,7.4156,1.5997,2.5592,32
XVIII,0.2448,3.5948,1.6239,2.6372,7
XIX,0.2387,8.21,1.6138,2.6042,47
XX,0.1179,6.3522,1.3528,1.8302,68
XXI,0.1102,0.7184,1.3301,1.7692,9
XXII,0.0832,1.8715,1.2401,1.5378,10
XXIII,0.0791,1.6649,1.2245,1.4993,14
XXIV,0.0735,0.7052,1.2019,1.4447,9
XXV,0.0775,1.7371,1.2182,1.484,13
XXVI,0.07,1.5823,1.1877,1.4107,5
XXVII,0.0584,1.5115,1.1349,1.2881,5
XXVIII,0.0563,5.8816,1.1248,1.2652,110
XXIX,0.0437,2.1943,1.0553,1.1137,17
XXX,0.0351,1.6119,0.999,0.9979,29
XXXI,0.0275,5.6445,0.94,0.8837,21
XXXII,0.0238,1.7541,0.9072,0.823,11
XXXIII,0.0232,1.6029,0.9009,0.8116,17
XXXIV,0.0373,1.4931,1.0145,1.0292,13
XXXV,0.0197,1.5327,0.8654,0.7489,10
XXXVI,0.0087,1.5948,0.706,0.4985,21
XXXVII,0.0062,1.5284,0.6473,0.419,9
XXXVIII,0.0052,1.9289,0.621,0.3857,13
XXXIX,0.0035,1.5073,0.5633,0.3174,35
XL,0.003,1.5371,0.5419,0.2937,37
XLI,0.0078,1.4662,0.6854,0.4698,35
XLII,0.0033,0.7212,0.5513,0.304,10
